{
 "cells": [
  {
   "cell_type": "code",
   "execution_count": 50,
   "id": "b07785f5",
   "metadata": {},
   "outputs": [],
   "source": [
    "def Cholesky(A):\n",
    "    n = len(A);\n",
    "    erro = 0;\n",
    "    det = 1;\n",
    "    for j in range(n):\n",
    "        soma = 0;\n",
    "        for k in range(j):\n",
    "            soma += A[j][k] ** 2;\n",
    "        t = A[j][j] - soma;\n",
    "        if t > 0:\n",
    "            A[j][j] = t**(1/2);\n",
    "            r = 1/A[j][j];\n",
    "            det *= t;\n",
    "        else:\n",
    "            erro = 1;\n",
    "        for i in range(j+1, n):\n",
    "            soma = 0;\n",
    "            for k in range(j):\n",
    "                soma += A[i][k] * A[j][k];\n",
    "            A[i][j] = (A[i][j] - soma) * r;\n",
    "    return A, det, erro;\n",
    "\n",
    "        \n",
    "def SolveTriangSup(LL, b, n):\n",
    "    y=[]\n",
    "    for l in range(0,n):\n",
    "        y.append(0)\n",
    "        \n",
    "    y[0]=b[0]/LL[0][0]\n",
    "    for i in range (1,n):\n",
    "        soma=0.0\n",
    "        for j in range(0,i):\n",
    "            soma=(soma+LL[i][j]*y[j])\n",
    "        y[i]=(b[i]-soma)/LL[i][i]\n",
    "    \n",
    "    x=[]\n",
    "    for l in range(0,n):\n",
    "        x.append(0)\n",
    "        \n",
    "    x[n-1]=y[n-1]/LL[n-1][n-1]\n",
    "    for i in range(n-2,-1,-1):\n",
    "        soma=0.0\n",
    "        for j in range(i+1,n):\n",
    "            soma+=[i][j]*x[j]\n",
    "        x[i]=(y[i]-soma)/Amp[i][i]\n",
    "    \n",
    "    return y, x\n",
    "\n",
    "\n",
    "def EspelhaMatriz(LL, n):\n",
    "    for i in range(n):\n",
    "        for j in range(n):\n",
    "            if (j > i):\n",
    "                LL[i][j] = LL[j][i]\n",
    "\n",
    "\n"
   ]
  },
  {
   "cell_type": "code",
   "execution_count": 51,
   "id": "87070251",
   "metadata": {},
   "outputs": [
    {
     "name": "stdout",
     "output_type": "stream",
     "text": [
      "==========\n",
      " ENTRADA\n",
      "==========\n",
      "A matriz A para a decomposição é:\n",
      "[2.449489742783178][0.8164965809277261][2.65361388801511][3.2659863237109046][-2.256418]\n",
      "[0.8164965809277261][2.41522945769824][2.415229457698239][6.4003580629003345][3.6804975]\n",
      "[2.65361388801511][2.415229457698239][2.291287847477921][3.436931771216882][1.54519225]\n",
      "[3.2659863237109046][6.4003580629003345][3.436931771216882][1.6085707942145386][7.654655625]\n",
      "\n",
      "==========\n",
      " SAÍDA\n",
      "==========\n",
      "Matriz Espelhada:\n",
      "\n",
      "[ 2.449489742783178  ][ 0.8164965809277261 ][  2.65361388801511  ][ 3.2659863237109046 ]\n",
      "[ 0.8164965809277261 ][  2.41522945769824  ][ 2.415229457698239  ][ 6.4003580629003345 ]\n",
      "[  2.65361388801511  ][ 2.415229457698239  ][ 2.291287847477921  ][ 3.436931771216882  ]\n",
      "[ 3.2659863237109046 ][ 6.4003580629003345 ][ 3.436931771216882  ][ 1.6085707942145386 ]\n",
      "\n",
      "Solução do Sistema Triangular Inferior\n",
      "- y -\n",
      "[-0.9211787910718889]\n",
      "[1.8352860094534131]\n",
      "[-0.19333745015389933]\n",
      "[-0.26034727629410603]\n",
      "\n",
      "Solução do Sistema Triangular Superior\n",
      "- x -\n",
      "[-0.6753274534161504]\n",
      "[1.0303875476190485]\n",
      "[0.1583957060041433]\n",
      "[-0.16185005797101581]\n",
      "\n"
     ]
    }
   ],
   "source": [
    "n = 4\n",
    "m = 5\n",
    "A = [\n",
    "        [6 , 2, 6.5, 8, -2.256418], \n",
    "        [2, 6.5, 8, 18.125, 3.6804975], \n",
    "        [6.5, 8, 18.125, 32, 1.54519225], \n",
    "        [8, 18.125, 32, 66.03125, 7.654655625]\n",
    "      ]\n",
    "\n",
    "b = [-2.256418, 3.6804975, 1.54519225, 7.654655625]\n",
    "\n",
    "print('=' * 10)\n",
    "print(' ENTRADA')\n",
    "print('=' * 10)\n",
    "print('A matriz A para a decomposição é:')\n",
    "for l in range(0, n):\n",
    "    for c in range (0, m):\n",
    "        print(\"[{0:^8}]\".format(Amp[l][c]), end='')\n",
    "    print()\n",
    "print()\n",
    "\n",
    "LL, det, erro = Cholesky(A)\n",
    "\n",
    "EspelhaMatriz(LL, n)\n",
    "\n",
    "print('=' * 10)\n",
    "print(' SAÍDA')\n",
    "print('=' * 10)\n",
    "print('Matriz Espelhada:')\n",
    "print()\n",
    "for l in range(0,n):\n",
    "    for c in range(0,n):\n",
    "        print(\"[{0:^20}]\".format(LL[l][c]), end='')\n",
    "    print()\n",
    "print()\n",
    "\n",
    "y, x = SolveTriangSup(LL, b, n)\n",
    "\n",
    "print('Solução do Sistema Triangular Inferior')\n",
    "print('- y -')\n",
    "for l in range(0, n):\n",
    "    print(\"[{0:^5}]\\n\".format(y[l]),end='')\n",
    "print()\n",
    "print('Solução do Sistema Triangular Superior')\n",
    "print('- x -')\n",
    "for l in range(0, n):\n",
    "    print(\"[{0:^5}]\\n\".format(x[l]),end='')\n",
    "print()\n",
    "\n",
    "\n"
   ]
  }
 ],
 "metadata": {
  "kernelspec": {
   "display_name": "Python 3 (ipykernel)",
   "language": "python",
   "name": "python3"
  },
  "language_info": {
   "codemirror_mode": {
    "name": "ipython",
    "version": 3
   },
   "file_extension": ".py",
   "mimetype": "text/x-python",
   "name": "python",
   "nbconvert_exporter": "python",
   "pygments_lexer": "ipython3",
   "version": "3.9.13"
  }
 },
 "nbformat": 4,
 "nbformat_minor": 5
}
